100f.jpg	-1	-1	1	-1	1	1	1	1	1	1	-1	1	-1	1	-1	1	1	1	1	1	-1	1	1	1	1	1	-1	1	
100m.jpg	1	1	-1	1	-1	1	-1	1	1	1	1	-1	1	-1	1	1	-1	1	1	1	1	-1	1	-1	1	-1	1	-1	
101f.jpg	-1	-1	1	1	1	1	1	1	1	1	-1	-1	-1	1	1	1	1	1	1	1	-1	1	-1	1	1	1	-1	1	
101m.jpg	-1	1	-1	1	-1	1	1	1	1	1	1	1	1	1	1	1	-1	1	1	1	1	-1	1	-1	1	1	1	-1	
102f.jpg	-1	-1	1	-1	1	1	1	1	-1	1	-1	-1	-1	1	-1	1	1	1	1	1	-1	1	1	-1	1	1	-1	1	
102m.jpg	1	1	1	1	-1	1	-1	1	1	1	1	-1	1	1	-1	1	1	1	-1	1	-1	1	1	-1	1	-1	1	-1	
103f.jpg	-1	1	1	-1	1	1	1	-1	1	1	-1	1	1	1	1	1	-1	1	1	1	1	-1	-1	1	1	1	-1	-1	
103m.jpg	1	1	-1	1	-1	1	1	-1	1	1	1	1	1	1	1	1	-1	1	1	1	1	-1	1	1	1	-1	1	-1	
104f.jpg	-1	-1	-1	-1	1	1	1	-1	1	1	-1	-1	1	1	1	1	1	1	1	1	-1	-1	-1	1	1	1	-1	-1	
104m.jpg	1	1	1	1	-1	1	-1	1	1	1	-1	1	-1	1	-1	1	-1	1	-1	1	1	-1	1	-1	1	-1	1	1	
105f.jpg	-1	1	1	1	-1	1	1	1	1	1	1	-1	-1	1	1	1	1	-1	1	1	-1	-1	1	1	1	1	-1	1	
105m.jpg	1	1	-1	1	-1	1	1	-1	1	1	1	-1	1	-1	1	1	1	1	-1	1	1	-1	1	-1	1	-1	1	-1	
106f.jpg	1	1	-1	1	1	1	-1	1	1	1	1	1	1	1	1	1	-1	1	1	1	1	-1	1	-1	1	1	1	-1	
106m.jpg	1	-1	-1	1	-1	1	1	1	-1	1	1	-1	-1	-1	-1	1	1	-1	-1	-1	-1	1	1	-1	1	-1	-1	1	
107f.jpg	-1	1	-1	1	-1	1	1	1	1	1	-1	-1	-1	1	-1	1	1	1	1	1	-1	1	1	-1	1	1	1	1	
107m.jpg	-1	1	-1	-1	1	1	-1	-1	1	1	1	-1	1	-1	1	1	-1	1	1	-1	1	-1	1	-1	1	-1	1	-1	
108f.jpg	-1	-1	1	-1	1	1	1	1	-1	-1	1	-1	1	1	-1	1	1	1	-1	1	-1	-1	-1	1	-1	1	1	-1	
108m.jpg	1	1	-1	1	-1	1	1	1	1	1	1	-1	1	-1	1	1	1	1	1	1	1	-1	1	-1	1	-1	1	-1	
109f.jpg	-1	-1	1	-1	1	1	-1	1	1	1	-1	-1	-1	1	-1	1	1	-1	-1	1	-1	1	-1	1	1	1	-1	1	
109m.jpg	1	1	-1	1	-1	1	1	1	1	-1	1	-1	1	1	1	1	-1	1	-1	-1	-1	-1	1	-1	1	-1	1	1	
10f.jpg	-1	-1	1	-1	1	1	1	1	1	1	-1	-1	-1	1	-1	1	1	1	-1	1	-1	-1	1	1	1	1	-1	1	
10m.jpg	-1	1	1	1	-1	1	1	1	1	1	1	-1	-1	1	1	1	-1	1	1	1	1	-1	1	-1	1	1	1	1	
110f.jpg	-1	1	1	-1	-1	1	1	1	1	1	1	1	1	1	1	1	-1	1	1	1	1	1	-1	1	1	1	1	1	
110m.jpg	1	1	-1	1	-1	1	1	1	1	1	1	-1	1	-1	-1	1	1	1	1	-1	1	1	1	-1	1	-1	1	1	
111f.jpg	-1	1	1	-1	1	1	1	-1	1	1	-1	-1	1	1	1	1	1	1	1	1	1	-1	1	1	1	1	-1	-1	
111m.jpg	1	1	1	1	-1	1	-1	-1	1	1	1	1	1	1	1	1	-1	1	1	1	1	-1	1	-1	1	-1	1	-1	
112f.jpg	-1	-1	1	1	-1	1	1	1	1	1	1	-1	1	1	-1	1	1	1	1	1	-1	1	1	-1	1	1	1	1	
112m.jpg	-1	1	-1	1	-1	1	-1	1	-1	-1	1	-1	-1	1	-1	1	-1	1	1	1	1	-1	1	-1	1	-1	-1	1	
113f.jpg	-1	-1	1	-1	1	1	1	-1	1	1	1	-1	-1	1	-1	1	1	1	-1	1	-1	1	1	1	1	1	-1	1	
113m.jpg	-1	1	-1	1	-1	1	-1	1	1	1	1	-1	1	1	-1	1	1	-1	1	1	-1	-1	1	-1	1	1	-1	-1	
114f.jpg	-1	-1	1	-1	-1	1	1	1	-1	1	1	-1	-1	1	1	1	1	1	-1	1	1	1	1	1	1	1	1	-1	
114m.jpg	1	1	-1	1	-1	1	1	-1	1	1	1	-1	1	1	1	1	1	1	1	1	1	-1	-1	1	1	-1	1	-1	
115f.jpg	-1	-1	1	1	1	1	1	-1	1	1	-1	-1	-1	1	-1	1	1	1	1	1	-1	1	-1	1	1	1	-1	1	
115m.jpg	1	1	-1	1	-1	1	1	-1	1	1	1	1	1	1	1	1	1	1	1	1	-1	-1	1	-1	1	1	1	-1	
116f.jpg	-1	1	1	-1	1	1	1	-1	1	1	1	1	1	1	1	1	1	1	-1	1	1	-1	-1	1	1	1	-1	-1	
116m.jpg	-1	1	-1	1	1	1	-1	1	1	1	1	1	1	1	1	1	1	1	1	1	1	-1	-1	-1	1	1	1	-1	
117f.jpg	-1	1	-1	-1	1	1	1	-1	1	1	1	1	1	1	1	1	1	1	1	1	1	1	1	1	1	1	1	-1	
117m.jpg	1	1	-1	-1	1	1	1	1	1	1	1	-1	1	-1	1	1	-1	1	1	1	1	-1	1	-1	1	-1	1	-1	
118f.jpg	-1	-1	1	1	-1	1	1	-1	1	1	-1	-1	-1	1	-1	1	1	-1	1	1	-1	1	-1	-1	1	1	-1	1	
118m.jpg	-1	1	-1	1	-1	1	-1	1	1	1	-1	1	1	1	1	1	-1	1	1	1	1	-1	1	-1	1	1	1	1	
119f.jpg	-1	1	1	-1	1	1	1	-1	-1	1	1	-1	1	1	1	1	1	1	-1	1	1	-1	1	-1	1	1	1	-1	
119m.jpg	1	1	-1	1	-1	1	1	-1	1	1	1	-1	1	-1	1	1	1	1	1	-1	1	-1	1	-1	1	-1	1	-1	
11f.jpg	-1	-1	1	-1	1	-1	-1	-1	1	1	-1	-1	1	1	-1	1	1	1	1	-1	-1	-1	1	-1	1	1	-1	-1	
11m.jpg	1	1	-1	1	-1	1	1	-1	1	1	1	-1	1	-1	1	1	-1	1	1	1	1	1	1	-1	1	-1	1	-1	
120f.jpg	-1	1	1	1	-1	1	1	1	-1	-1	1	-1	-1	1	1	1	1	1	-1	1	-1	-1	1	-1	-1	-1	1	1	
120m.jpg	1	1	-1	1	1	1	1	1	-1	-1	1	-1	1	-1	-1	1	1	1	1	-1	1	-1	1	-1	1	-1	-1	1	
121f.jpg	-1	-1	1	-1	-1	1	1	-1	-1	1	-1	-1	-1	1	-1	1	1	1	-1	1	-1	1	1	1	1	1	-1	1	
121m.jpg	1	1	-1	-1	-1	1	-1	-1	1	1	1	-1	1	1	1	1	1	1	1	1	-1	-1	1	-1	1	1	1	-1	
122f.jpg	-1	1	1	1	-1	1	1	1	1	1	1	-1	1	1	-1	1	1	1	1	1	-1	1	1	-1	1	1	-1	-1	
122m.jpg	1	1	1	1	-1	1	-1	1	1	1	1	1	-1	1	1	1	-1	-1	-1	1	1	1	-1	-1	1	-1	1	1	
123f.jpg	-1	1	1	1	-1	1	-1	1	-1	1	1	1	-1	1	1	1	1	1	1	1	-1	1	-1	-1	1	1	1	1	
123m.jpg	1	1	1	1	-1	1	1	1	-1	1	-1	-1	-1	-1	1	1	-1	1	-1	1	1	-1	1	-1	1	-1	1	1	
124f.jpg	-1	-1	1	-1	-1	1	1	-1	-1	1	1	-1	-1	1	-1	1	1	1	-1	1	-1	1	1	1	1	1	-1	-1	
124m.jpg	1	1	-1	1	-1	-1	-1	-1	1	1	1	1	1	1	1	1	-1	-1	-1	1	1	-1	1	-1	1	-1	-1	-1	
125f.jpg	-1	1	-1	1	1	1	1	-1	1	1	1	-1	1	1	1	1	1	1	1	1	-1	-1	1	-1	1	1	1	1	
125m.jpg	1	1	1	-1	-1	1	-1	1	1	1	1	1	1	1	1	1	-1	1	-1	1	1	-1	1	-1	1	-1	1	-1	
126f.jpg	-1	-1	1	-1	1	1	-1	1	1	1	-1	-1	1	1	-1	1	1	1	1	1	-1	1	1	1	1	1	-1	-1	
126m.jpg	1	1	-1	1	-1	1	-1	1	1	1	1	1	1	-1	1	1	-1	1	1	1	1	-1	1	-1	-1	-1	1	-1	
127f.jpg	-1	1	1	1	-1	1	-1	1	1	1	1	-1	-1	1	-1	1	1	1	1	1	-1	1	1	-1	1	1	1	1	
127m.jpg	1	1	-1	1	-1	1	-1	1	1	1	1	-1	-1	-1	1	1	1	-1	1	-1	-1	-1	1	-1	1	-1	1	1	
128f.jpg	-1	-1	1	-1	1	1	-1	-1	1	1	1	1	1	1	1	1	1	1	-1	1	1	-1	1	-1	1	1	-1	-1	
128m.jpg	-1	1	1	1	-1	1	-1	1	1	1	-1	-1	1	1	1	1	1	-1	1	1	-1	-1	1	-1	1	1	-1	1	
129f.jpg	-1	1	-1	1	-1	1	1	1	1	1	1	-1	1	1	1	1	1	1	1	1	1	-1	-1	1	1	1	1	-1	
129m.jpg	-1	1	-1	1	-1	1	-1	1	1	1	1	1	1	1	1	1	-1	1	1	1	1	-1	1	-1	1	1	1	-1	
12f.jpg	-1	-1	1	-1	1	1	1	-1	1	1	-1	-1	-1	1	-1	1	1	1	-1	1	-1	1	1	1	1	1	-1	1	
12m.jpg	-1	1	-1	1	1	-1	-1	-1	-1	-1	1	-1	-1	1	-1	-1	1	1	1	1	-1	-1	1	-1	1	1	-1	1	
130f.jpg	-1	-1	1	-1	1	1	1	1	1	1	1	-1	-1	1	1	1	1	1	1	1	1	1	-1	1	1	1	-1	-1	
130m.jpg	1	1	1	-1	1	1	-1	-1	1	1	1	-1	1	-1	1	1	1	1	1	1	1	1	1	-1	1	-1	1	-1	
131f.jpg	-1	-1	-1	-1	1	1	1	-1	1	1	-1	-1	-1	1	-1	1	1	1	1	-1	1	-1	1	1	1	1	-1	1	
131m.jpg	1	1	-1	1	-1	1	-1	-1	-1	1	1	-1	1	-1	1	1	1	1	1	-1	1	-1	1	-1	-1	-1	1	-1	
132f.jpg	-1	1	1	1	-1	1	1	1	1	1	1	-1	1	1	1	1	1	1	-1	1	1	-1	1	-1	-1	1	-1	-1	
132m.jpg	1	1	1	-1	1	1	1	-1	1	1	1	-1	1	1	1	1	1	1	-1	1	1	-1	1	-1	1	1	1	1	
133f.jpg	-1	1	1	-1	1	1	1	-1	1	-1	1	-1	-1	1	-1	1	1	1	1	1	-1	1	1	-1	1	1	-1	1	
133m.jpg	1	1	-1	1	-1	1	1	1	1	-1	1	1	1	1	1	1	-1	1	1	1	1	-1	-1	-1	1	-1	1	-1	
134f.jpg	-1	1	1	1	1	1	-1	-1	1	1	1	-1	1	1	-1	1	1	1	1	1	-1	-1	1	-1	1	1	-1	1	
134m.jpg	1	1	-1	1	-1	1	1	1	1	-1	1	-1	1	-1	1	1	-1	1	1	-1	1	-1	1	-1	1	-1	1	-1	
135f.jpg	-1	1	1	1	-1	1	1	1	1	1	-1	1	-1	1	1	1	-1	1	1	1	1	1	1	-1	1	1	-1	1	
135m.jpg	1	1	-1	1	-1	1	-1	1	1	1	1	-1	1	-1	1	1	-1	1	1	1	1	-1	1	-1	1	-1	1	-1	
136f.jpg	-1	-1	1	1	-1	1	1	1	1	1	1	-1	-1	1	-1	1	1	-1	-1	1	-1	-1	1	-1	1	1	-1	1	
136m.jpg	-1	1	-1	1	-1	1	-1	-1	1	1	1	1	1	-1	1	1	-1	-1	1	1	1	-1	1	-1	1	-1	1	-1	
137f.jpg	-1	-1	1	-1	1	1	1	-1	-1	1	-1	1	-1	1	1	1	-1	1	-1	1	1	1	1	1	1	1	-1	1	
137m.jpg	1	1	-1	-1	-1	1	1	-1	1	1	1	-1	1	-1	1	1	1	1	1	1	1	-1	1	-1	1	-1	1	-1	
138f.jpg	-1	-1	1	1	-1	1	-1	1	1	1	1	-1	1	-1	1	1	1	-1	1	1	-1	-1	1	-1	1	1	-1	-1	
138m.jpg	1	1	-1	1	-1	1	-1	1	1	1	1	1	1	-1	1	1	-1	1	1	-1	1	-1	1	-1	1	-1	-1	-1	
139f.jpg	-1	-1	-1	1	-1	1	1	1	1	1	1	-1	-1	1	-1	1	1	1	-1	1	1	1	1	1	1	1	1	1	
139m.jpg	1	1	-1	1	-1	1	1	1	1	1	1	-1	1	-1	-1	1	1	1	-1	1	1	1	1	-1	1	-1	1	-1	
13f.jpg	-1	1	1	-1	1	1	1	1	1	1	-1	-1	-1	1	-1	1	1	1	-1	1	-1	1	1	-1	1	1	-1	1	
13m.jpg	1	1	-1	1	-1	1	-1	1	1	1	1	1	-1	1	1	1	-1	1	1	1	1	-1	-1	1	1	1	-1	1	
140f.jpg	-1	1	1	1	-1	1	1	-1	1	1	-1	1	1	1	1	1	-1	1	1	1	1	1	-1	1	1	1	1	-1	
140m.jpg	-1	1	-1	1	-1	1	-1	1	1	1	1	-1	1	1	1	1	1	1	1	1	-1	-1	-1	1	-1	-1	1	-1	
141f.jpg	-1	-1	1	-1	1	1	-1	-1	1	1	1	-1	1	1	-1	1	1	1	1	1	1	-1	1	-1	1	1	-1	1	
141m.jpg	1	1	-1	-1	1	1	-1	-1	1	1	1	1	1	-1	1	1	-1	1	-1	1	1	-1	1	-1	1	-1	1	-1	
142f.jpg	-1	1	-1	-1	-1	1	-1	1	-1	1	1	-1	1	1	1	1	1	1	1	1	1	-1	1	-1	1	1	1	-1	
142m.jpg	1	1	-1	1	-1	1	-1	1	1	1	1	-1	1	1	1	1	-1	1	1	1	1	-1	-1	1	-1	1	1	-1	
143f.jpg	-1	-1	1	1	-1	1	1	1	-1	1	-1	-1	-1	1	-1	1	1	1	-1	1	1	1	1	-1	-1	1	1	1	
143m.jpg	1	1	-1	-1	1	1	-1	-1	1	1	-1	1	1	-1	-1	1	-1	1	1	1	1	-1	1	-1	1	-1	1	1	
144f.jpg	-1	-1	1	1	-1	1	-1	1	1	1	-1	-1	-1	1	-1	1	1	-1	1	1	-1	1	1	-1	1	1	-1	1	
144m.jpg	1	1	-1	1	-1	1	1	1	1	1	-1	1	1	1	1	1	-1	1	1	1	1	-1	-1	-1	1	-1	-1	-1	
145f.jpg	-1	1	1	1	-1	1	1	-1	1	1	1	1	-1	1	1	1	-1	1	1	1	1	1	1	1	1	1	1	1	
145m.jpg	1	1	-1	1	-1	1	-1	-1	1	1	1	1	1	-1	1	1	-1	1	1	-1	-1	-1	1	-1	1	-1	1	-1	
146f.jpg	-1	-1	1	1	-1	1	1	1	-1	1	-1	-1	-1	1	-1	1	1	1	-1	1	1	1	1	1	1	1	-1	1	
146m.jpg	-1	-1	-1	1	-1	1	1	1	1	1	1	-1	1	-1	1	1	-1	1	1	-1	1	-1	-1	1	1	-1	-1	1	
147f.jpg	-1	-1	-1	-1	1	1	1	-1	-1	-1	1	-1	1	1	-1	1	1	-1	1	-1	-1	-1	1	-1	-1	1	-1	1	
147m.jpg	1	1	1	1	-1	1	1	1	1	1	1	-1	1	-1	1	1	1	1	-1	1	1	-1	1	-1	1	-1	1	1	
148f.jpg	-1	-1	1	1	-1	1	1	1	1	1	1	-1	-1	1	1	1	1	1	-1	1	-1	-1	1	-1	-1	1	-1	-1	
148m.jpg	-1	1	-1	1	1	1	1	-1	-1	-1	1	-1	-1	-1	-1	1	1	1	1	-1	-1	-1	1	-1	1	-1	-1	1	
149f.jpg	-1	1	1	-1	1	1	1	1	1	1	1	-1	-1	1	-1	1	1	1	-1	1	-1	1	1	-1	1	1	1	1	
149m.jpg	-1	1	1	1	1	1	-1	-1	1	1	-1	-1	1	-1	1	1	-1	1	1	1	1	-1	1	-1	1	-1	1	-1	
14f.jpg	-1	1	1	-1	-1	1	1	1	1	-1	1	-1	-1	1	1	1	1	1	-1	1	1	-1	1	-1	1	1	1	1	
14m.jpg	1	1	-1	1	-1	-1	-1	-1	1	1	1	-1	1	-1	1	-1	1	1	1	-1	-1	-1	1	-1	1	-1	1	-1	
150f.jpg	-1	-1	1	-1	1	1	1	1	1	1	1	-1	-1	1	-1	1	1	1	-1	1	1	1	-1	1	1	1	-1	1	
150m.jpg	1	-1	-1	1	-1	1	1	1	-1	-1	-1	-1	-1	1	-1	1	1	1	-1	-1	-1	-1	1	-1	1	-1	-1	1	
151f.jpg	-1	-1	1	-1	1	1	-1	1	1	1	1	-1	1	1	-1	1	1	1	1	1	1	1	1	1	1	1	-1	-1	
151m.jpg	1	1	1	1	-1	1	1	1	-1	1	1	-1	1	1	1	1	1	1	-1	1	1	-1	1	-1	1	-1	1	1	
152f.jpg	-1	-1	1	-1	1	1	-1	-1	-1	-1	-1	1	1	1	-1	1	-1	1	1	1	1	1	-1	1	1	1	-1	1	
152m.jpg	-1	1	1	-1	1	1	-1	-1	1	1	1	1	1	1	1	1	1	1	1	1	1	1	1	-1	1	1	1	-1	
153f.jpg	-1	-1	-1	-1	1	1	1	1	1	1	-1	-1	-1	1	-1	1	1	-1	-1	1	-1	-1	1	1	1	1	-1	1	
153m.jpg	1	1	-1	1	-1	1	-1	-1	1	1	1	-1	1	1	1	1	1	1	1	1	-1	-1	1	-1	-1	1	1	-1	
154f.jpg	-1	-1	1	1	-1	1	1	-1	1	-1	1	-1	-1	1	-1	1	1	1	1	1	-1	1	1	-1	1	1	-1	1	
154m.jpg	1	1	-1	1	-1	1	-1	1	1	1	1	-1	1	-1	1	1	1	1	1	1	1	-1	1	-1	1	-1	1	-1	
155f.jpg	-1	1	1	1	-1	1	-1	1	1	1	1	1	1	1	1	1	-1	-1	1	1	-1	-1	1	-1	1	-1	1	1	
155m.jpg	-1	1	1	1	-1	1	-1	1	1	1	1	1	-1	1	1	1	-1	-1	1	1	-1	1	1	-1	1	1	-1	1	
156f.jpg	-1	1	1	1	-1	1	-1	1	1	1	1	1	-1	1	-1	1	1	1	1	1	1	-1	-1	1	1	1	-1	1	
156m.jpg	-1	1	1	1	1	1	-1	1	1	1	1	1	1	1	1	1	-1	1	1	1	1	-1	1	-1	1	1	-1	-1	
157f.jpg	-1	-1	1	1	-1	1	-1	1	1	1	1	-1	-1	1	1	1	1	1	-1	1	1	1	1	-1	-1	1	-1	-1	
157m.jpg	1	1	-1	1	-1	1	1	1	1	1	1	-1	-1	-1	1	1	-1	1	-1	1	1	1	1	-1	-1	-1	1	-1	
158f.jpg	1	1	-1	1	-1	1	-1	1	1	1	1	1	1	1	1	1	-1	1	1	1	1	1	1	-1	1	1	1	-1	
158m.jpg	1	1	-1	1	-1	1	1	1	-1	-1	1	1	1	-1	1	1	-1	1	1	1	1	-1	1	-1	1	-1	1	1	
159f.jpg	-1	-1	-1	1	1	-1	-1	-1	1	1	-1	-1	1	1	-1	1	1	1	1	1	-1	-1	1	-1	1	1	-1	1	
159m.jpg	1	1	1	-1	1	1	1	-1	-1	1	1	1	1	-1	1	1	-1	1	-1	1	1	-1	1	-1	1	-1	1	1	
15f.jpg	-1	1	1	1	-1	1	-1	1	1	1	1	-1	1	1	1	1	1	1	1	1	-1	-1	1	-1	-1	1	1	-1	
15m.jpg	1	1	-1	1	-1	1	1	1	1	1	1	1	1	-1	1	1	-1	1	1	-1	1	-1	1	-1	1	-1	-1	1	
160f.jpg	-1	1	1	-1	1	1	1	-1	1	1	1	-1	1	1	1	1	-1	1	1	1	1	-1	1	1	1	1	-1	-1	
160m.jpg	1	1	-1	1	-1	1	1	1	1	1	1	1	-1	-1	1	1	-1	1	1	1	1	-1	-1	1	1	-1	1	-1	
161f.jpg	-1	1	1	-1	1	1	1	-1	1	1	-1	-1	-1	1	1	1	1	1	-1	1	1	-1	1	-1	1	1	-1	1	
161m.jpg	1	1	-1	1	-1	1	-1	1	1	-1	1	-1	1	-1	1	1	-1	1	1	-1	-1	-1	1	-1	1	-1	-1	1	
162f.jpg	-1	-1	1	-1	-1	1	1	1	-1	1	-1	-1	-1	1	-1	1	1	1	-1	1	1	1	-1	1	1	1	-1	1	
162m.jpg	-1	1	-1	1	-1	1	-1	1	1	1	1	-1	1	-1	1	1	1	1	1	1	1	-1	1	-1	1	-1	1	-1	
163f.jpg	-1	1	-1	1	-1	1	-1	-1	1	1	1	-1	-1	1	-1	1	1	1	1	1	-1	1	1	-1	1	1	1	1	
163m.jpg	-1	-1	1	1	1	1	1	1	-1	-1	1	1	1	1	-1	1	1	1	1	1	1	-1	1	-1	1	1	1	1	
164f.jpg	-1	1	-1	1	-1	1	1	-1	1	1	1	-1	1	-1	1	1	1	1	1	-1	-1	-1	-1	1	1	1	-1	-1	
164m.jpg	1	1	-1	1	-1	1	1	1	1	1	1	-1	1	1	1	1	1	1	1	1	1	-1	1	-1	1	-1	1	-1	
165f.jpg	-1	1	1	1	-1	1	-1	1	1	-1	-1	1	-1	1	1	1	1	-1	1	1	-1	1	1	-1	1	1	-1	1	
165m.jpg	-1	1	-1	1	-1	1	1	-1	1	1	1	-1	-1	-1	-1	1	1	-1	1	1	-1	-1	1	-1	1	-1	-1	1	
166f.jpg	-1	-1	1	-1	1	1	-1	-1	-1	-1	1	-1	1	1	1	1	-1	1	1	1	1	-1	-1	1	1	1	-1	1	
166m.jpg	1	1	-1	1	-1	1	1	-1	1	1	1	-1	1	-1	1	1	1	1	-1	-1	1	-1	1	-1	1	-1	1	-1	
167f.jpg	-1	-1	1	1	-1	1	1	1	1	1	1	-1	-1	1	-1	1	1	1	-1	1	-1	1	1	-1	-1	1	1	-1	
167m.jpg	1	1	-1	1	-1	1	1	1	1	1	1	-1	-1	-1	1	1	-1	1	1	1	1	1	1	-1	1	-1	1	1	
168f.jpg	-1	-1	1	-1	1	1	1	-1	1	1	1	-1	1	1	-1	1	1	1	-1	1	1	-1	1	1	1	1	-1	-1	
168m.jpg	1	1	-1	1	-1	1	-1	-1	1	1	1	1	1	1	1	1	-1	1	1	1	1	-1	1	-1	1	-1	1	-1	
169f.jpg	-1	1	1	-1	1	1	1	1	-1	1	-1	-1	-1	1	1	1	1	1	1	1	1	1	1	-1	1	1	1	1	
169m.jpg	1	1	-1	-1	1	1	1	-1	1	1	1	-1	1	-1	-1	1	1	1	1	1	-1	-1	1	-1	-1	-1	1	-1	
16f.jpg	-1	-1	-1	1	-1	1	-1	1	1	1	1	-1	-1	1	-1	1	1	1	1	1	-1	-1	-1	1	-1	1	-1	-1	
16m.jpg	1	1	-1	1	-1	1	-1	1	1	1	1	-1	1	-1	1	1	1	1	-1	1	1	-1	1	-1	1	-1	1	-1	
170f.jpg	-1	-1	1	1	-1	1	1	1	1	1	1	-1	-1	1	-1	1	1	1	-1	1	1	1	1	-1	1	1	-1	1	
170m.jpg	1	1	-1	1	-1	1	-1	1	1	1	1	-1	1	-1	1	1	1	1	1	1	1	-1	1	-1	1	-1	1	-1	
171f.jpg	-1	1	1	-1	1	1	1	1	1	1	-1	-1	-1	1	-1	1	1	1	1	1	1	1	1	-1	1	1	-1	1	
171m.jpg	1	1	-1	1	-1	1	-1	1	1	1	1	-1	1	-1	1	1	-1	1	1	-1	1	-1	1	-1	1	-1	1	-1	
172f.jpg	-1	1	-1	1	-1	1	1	1	1	-1	1	-1	1	1	-1	1	1	1	1	1	-1	-1	1	-1	1	1	-1	1	
172m.jpg	1	1	1	1	-1	1	1	1	1	1	1	1	1	1	1	1	-1	-1	1	1	1	1	1	-1	1	1	1	-1	
173f.jpg	-1	1	1	1	1	1	-1	1	1	1	-1	-1	1	1	-1	1	1	1	1	1	-1	1	1	-1	1	1	-1	1	
173m.jpg	-1	1	1	1	1	1	-1	1	1	1	-1	-1	-1	1	-1	1	1	1	1	1	-1	-1	1	-1	1	1	-1	1	
174f.jpg	-1	1	-1	1	-1	1	-1	1	1	1	1	-1	1	1	-1	1	-1	1	1	1	-1	1	1	-1	1	-1	-1	1	
174m.jpg	-1	-1	-1	1	-1	-1	-1	-1	-1	-1	1	-1	-1	-1	1	-1	-1	-1	1	-1	-1	-1	1	-1	1	-1	-1	1	
175f.jpg	-1	1	1	-1	1	1	1	1	-1	1	1	-1	1	1	1	1	-1	1	-1	1	1	-1	-1	1	-1	1	1	-1	
175m.jpg	-1	1	1	-1	1	1	1	1	-1	1	1	1	1	1	1	1	-1	1	1	1	1	-1	-1	1	1	1	1	-1	
176f.jpg	-1	1	1	1	-1	1	1	1	-1	-1	1	1	-1	1	1	1	1	1	1	1	1	-1	1	1	1	1	1	1	
176m.jpg	1	1	-1	1	-1	1	1	1	1	1	1	-1	1	-1	1	1	1	1	-1	1	1	-1	1	-1	1	-1	1	1	
177f.jpg	-1	-1	1	1	-1	1	1	1	1	1	-1	-1	-1	1	-1	1	1	1	-1	1	1	-1	-1	1	-1	1	-1	1	
177m.jpg	1	-1	-1	1	-1	1	-1	1	1	-1	1	-1	-1	-1	1	1	-1	-1	1	-1	-1	-1	1	-1	-1	-1	1	1	
178f.jpg	-1	1	1	-1	1	1	-1	1	1	1	1	1	1	1	1	1	1	1	1	1	1	-1	-1	1	1	1	-1	-1	
178m.jpg	1	-1	1	1	-1	1	1	1	1	1	1	-1	1	-1	1	1	1	1	-1	1	1	-1	1	-1	-1	-1	1	-1	
179f.jpg	-1	1	1	1	-1	1	1	-1	1	1	1	-1	-1	1	-1	1	1	-1	1	1	-1	1	1	-1	1	1	-1	1	
179m.jpg	1	1	-1	1	-1	1	1	-1	1	1	1	-1	1	-1	1	1	1	1	1	1	1	-1	1	-1	1	-1	1	-1	
17f.jpg	-1	1	1	1	-1	1	1	1	1	1	1	-1	-1	1	1	1	1	1	1	1	1	1	1	1	1	1	1	1	
17m.jpg	1	1	1	1	-1	1	-1	1	-1	-1	1	1	-1	1	1	1	-1	-1	1	1	1	-1	1	-1	1	1	1	1	
180f.jpg	1	1	-1	1	-1	1	1	1	1	1	1	1	1	1	1	1	-1	1	1	1	1	-1	-1	1	-1	1	1	1	
180m.jpg	1	1	-1	1	-1	1	1	1	1	1	1	1	1	1	1	1	-1	1	-1	1	1	-1	1	-1	1	-1	1	-1	
181f.jpg	-1	1	1	1	-1	-1	-1	-1	1	-1	-1	-1	-1	-1	1	1	1	1	-1	-1	-1	-1	1	-1	1	-1	-1	1	
181m.jpg	1	1	-1	1	-1	1	-1	1	1	1	1	-1	1	1	1	1	-1	1	1	1	1	1	1	-1	1	-1	1	-1	
182f.jpg	-1	1	1	-1	1	1	-1	1	-1	-1	1	-1	1	1	1	1	1	1	-1	1	-1	1	1	-1	1	1	1	-1	
182m.jpg	1	-1	1	1	-1	1	1	1	-1	1	1	1	1	-1	1	1	-1	1	-1	1	1	-1	1	-1	-1	-1	1	-1	
183f.jpg	-1	1	1	1	-1	1	1	1	1	-1	1	-1	-1	1	-1	1	1	1	1	1	1	1	1	-1	1	1	-1	1	
183m.jpg	1	1	1	-1	-1	1	-1	1	1	1	1	-1	1	1	1	1	1	1	-1	1	-1	-1	1	-1	1	1	1	-1	
184f.jpg	-1	1	1	1	-1	1	1	1	-1	-1	1	-1	1	1	1	1	1	1	1	-1	-1	-1	1	-1	1	1	-1	-1	
184m.jpg	1	1	-1	1	1	1	-1	1	1	1	1	1	1	-1	1	1	-1	1	1	1	1	-1	1	-1	-1	-1	1	-1	
185f.jpg	1	1	-1	1	-1	1	1	-1	1	1	1	-1	1	-1	1	1	-1	1	1	1	-1	-1	1	-1	1	-1	1	-1	
185m.jpg	1	1	-1	1	1	1	1	1	1	1	1	-1	1	-1	1	1	1	1	1	1	1	1	1	-1	-1	-1	1	-1	
186f.jpg	-1	-1	1	-1	1	1	1	1	-1	-1	1	-1	-1	1	-1	1	1	-1	-1	1	1	1	1	-1	1	1	-1	1	
186m.jpg	-1	-1	-1	1	-1	1	1	1	1	1	-1	-1	1	-1	1	1	1	1	1	-1	-1	-1	1	-1	1	-1	1	1	
187f.jpg	-1	1	-1	-1	-1	1	1	-1	1	1	-1	-1	1	1	1	1	1	1	1	1	1	-1	1	-1	1	1	1	-1	
187m.jpg	-1	1	-1	1	-1	1	-1	-1	1	1	1	-1	1	-1	1	1	-1	1	1	1	1	-1	1	-1	1	-1	1	-1	
188f.jpg	-1	-1	1	-1	1	1	1	-1	-1	-1	-1	-1	-1	1	1	1	1	1	-1	1	-1	-1	1	-1	1	1	-1	1	
188m.jpg	1	1	1	1	-1	1	1	1	1	1	1	1	1	1	1	1	-1	1	1	1	1	-1	1	-1	1	-1	1	-1	
189f.jpg	1	1	-1	1	-1	-1	-1	1	1	1	1	-1	1	1	1	1	1	-1	1	1	-1	1	1	-1	-1	1	1	-1	
189m.jpg	1	1	-1	-1	1	1	1	1	1	1	1	-1	1	1	1	1	1	1	1	1	-1	-1	1	-1	1	-1	1	-1	
18f.jpg	-1	1	1	1	-1	1	1	1	1	1	-1	-1	-1	1	-1	1	1	1	1	1	-1	-1	1	-1	1	1	-1	1	
18m.jpg	-1	1	-1	1	-1	1	1	-1	1	1	1	-1	1	1	1	1	1	1	1	1	1	-1	1	-1	1	1	1	-1	
190f.jpg	-1	-1	1	-1	1	1	-1	1	-1	1	-1	-1	-1	1	-1	1	1	1	-1	1	-1	1	1	-1	1	1	-1	1	
190m.jpg	1	1	-1	-1	1	1	1	-1	1	1	1	1	1	-1	1	1	-1	1	1	1	1	-1	1	-1	1	-1	1	-1	
191f.jpg	-1	1	1	1	1	1	1	1	-1	1	1	1	-1	1	1	1	1	1	1	1	-1	1	1	-1	1	1	-1	1	
191m.jpg	-1	-1	-1	1	-1	-1	-1	1	-1	-1	-1	-1	1	-1	-1	1	1	1	1	-1	-1	-1	1	-1	1	-1	-1	1	
192f.jpg	-1	-1	1	1	-1	1	1	1	1	1	1	-1	-1	1	-1	1	1	1	1	-1	-1	1	1	1	1	1	-1	1	
192m.jpg	1	1	-1	-1	1	-1	-1	1	-1	-1	1	1	1	-1	1	1	-1	1	1	-1	1	-1	1	-1	1	-1	-1	-1	
193f.jpg	-1	-1	-1	1	-1	1	1	1	-1	1	-1	-1	-1	1	-1	1	1	1	1	1	-1	1	1	-1	1	1	1	1	
193m.jpg	-1	1	1	-1	-1	1	1	-1	-1	1	1	-1	-1	1	1	1	1	1	1	1	-1	-1	1	-1	1	1	1	1	
194f.jpg	-1	1	1	-1	1	1	-1	-1	1	1	-1	-1	1	1	-1	1	1	1	1	1	-1	-1	1	-1	1	1	-1	-1	
194m.jpg	1	1	1	-1	-1	1	-1	-1	1	1	1	1	1	1	1	1	-1	1	1	1	1	-1	1	-1	1	-1	1	-1	
195f.jpg	-1	1	1	1	-1	1	-1	1	1	1	1	-1	1	1	1	1	-1	1	1	1	1	1	1	-1	1	1	1	-1	
195m.jpg	1	1	1	1	-1	1	-1	1	1	1	1	-1	1	1	1	1	1	1	1	1	-1	-1	1	-1	1	-1	1	-1	
196f.jpg	-1	1	1	-1	1	1	1	-1	-1	1	-1	-1	1	1	1	1	1	1	1	1	-1	1	1	1	1	1	1	1	
196m.jpg	-1	1	-1	1	-1	1	1	1	1	1	1	-1	1	1	1	1	1	1	1	1	-1	-1	1	-1	1	-1	1	-1	
197f.jpg	-1	1	-1	-1	1	1	1	1	1	1	1	-1	-1	1	-1	1	1	1	1	1	-1	-1	-1	1	1	1	-1	1	
197m.jpg	1	1	1	1	-1	1	-1	1	1	1	1	-1	-1	-1	1	1	1	1	-1	1	-1	-1	1	-1	1	-1	1	1	
198f.jpg	-1	1	1	1	-1	1	1	1	1	1	1	-1	1	1	1	1	1	1	1	1	1	-1	-1	1	-1	1	1	-1	
198m.jpg	-1	1	-1	-1	1	1	1	-1	1	1	-1	-1	1	1	1	1	-1	1	1	1	1	-1	-1	1	1	-1	-1	-1	
199f.jpg	-1	1	1	1	-1	1	-1	-1	1	1	1	-1	-1	1	1	1	1	-1	1	1	-1	1	1	-1	1	1	-1	1	
199m.jpg	1	1	1	1	-1	1	-1	1	-1	-1	1	-1	1	-1	1	1	1	1	1	-1	-1	-1	1	-1	-1	-1	1	-1	
19f.jpg	-1	-1	1	1	-1	1	-1	1	1	1	-1	-1	-1	1	-1	1	1	1	1	1	-1	1	-1	1	1	1	-1	1	
19m.jpg	1	1	1	-1	-1	1	1	-1	1	1	1	-1	1	1	1	1	1	1	-1	1	1	-1	1	-1	-1	-1	1	-1	
1f.jpg	-1	-1	1	-1	1	1	1	-1	-1	1	1	-1	-1	1	-1	1	1	1	-1	1	-1	1	1	-1	1	1	-1	1	
1m.jpg	1	1	-1	1	-1	1	1	1	1	1	1	1	1	-1	1	1	-1	1	1	1	1	-1	1	-1	1	-1	1	-1	
200f.jpg	-1	1	-1	-1	1	1	1	-1	1	1	1	1	1	1	1	1	-1	1	1	1	1	-1	-1	1	1	-1	1	-1	
200m.jpg	1	1	1	1	-1	1	-1	1	1	1	-1	-1	1	1	1	1	1	1	-1	1	1	-1	1	-1	1	-1	1	1	
20f.jpg	-1	1	1	1	-1	1	1	1	1	1	1	-1	1	1	1	1	1	1	-1	1	-1	1	-1	1	1	1	-1	-1	
20m.jpg	-1	1	1	1	-1	1	-1	1	1	1	1	1	-1	1	1	1	-1	-1	1	1	1	1	1	-1	1	1	1	1	
21f.jpg	-1	-1	1	-1	1	1	1	1	-1	-1	-1	-1	1	1	-1	1	1	1	-1	1	1	-1	1	-1	1	1	-1	1	
21m.jpg	-1	1	-1	1	-1	1	-1	-1	1	1	1	-1	1	1	1	1	-1	1	1	1	-1	-1	1	-1	1	1	-1	-1	
22f.jpg	-1	-1	-1	-1	1	1	-1	-1	1	1	1	-1	1	1	-1	1	1	1	1	1	1	-1	-1	1	1	1	-1	1	
22m.jpg	1	1	1	1	-1	1	1	1	1	1	1	-1	1	-1	1	1	1	1	-1	1	-1	-1	1	-1	1	-1	1	1	
23f.jpg	-1	1	1	-1	1	1	1	1	1	1	1	-1	1	1	1	1	1	1	-1	1	-1	1	-1	1	1	1	-1	-1	
23m.jpg	-1	1	-1	1	1	1	-1	1	-1	1	1	-1	1	1	1	1	1	1	1	1	1	-1	1	-1	1	1	1	-1	
24f.jpg	-1	-1	1	-1	1	1	1	-1	1	1	1	-1	1	1	-1	1	1	1	-1	1	1	-1	1	-1	1	1	-1	-1	
24m.jpg	1	1	1	-1	1	1	-1	1	-1	-1	1	1	1	1	-1	1	-1	1	-1	1	1	-1	1	-1	1	-1	1	1	
25f.jpg	1	1	1	-1	1	1	-1	-1	1	1	1	1	1	1	1	1	1	1	-1	1	1	-1	1	-1	1	1	1	-1	
25m.jpg	1	1	-1	1	-1	1	-1	-1	1	1	1	1	1	1	1	1	-1	-1	1	1	1	1	1	-1	1	-1	1	-1	
26f.jpg	-1	1	1	1	-1	1	-1	1	1	1	-1	1	-1	1	1	1	-1	-1	1	1	1	1	-1	-1	1	1	-1	1	
26m.jpg	-1	1	-1	1	-1	1	1	-1	1	1	-1	1	1	1	1	1	-1	1	1	1	1	-1	1	-1	1	1	1	-1	
27f.jpg	-1	1	-1	1	-1	1	-1	-1	1	1	1	-1	-1	1	1	1	1	1	1	1	-1	1	1	-1	1	1	1	1	
27m.jpg	1	1	-1	1	-1	1	-1	1	1	1	1	1	1	-1	1	1	-1	-1	1	-1	1	-1	-1	-1	1	-1	-1	-1	
28f.jpg	-1	1	1	1	-1	1	1	1	1	1	1	1	-1	1	1	1	1	1	1	1	-1	1	-1	1	1	1	1	1	
28m.jpg	1	1	-1	1	-1	1	1	1	1	1	1	-1	1	1	1	1	1	1	1	1	1	1	1	-1	1	-1	1	-1	
29f.jpg	-1	-1	-1	1	-1	1	1	1	-1	-1	1	-1	-1	1	-1	1	1	1	1	1	-1	-1	1	-1	1	1	-1	1	
29m.jpg	1	1	-1	1	-1	1	-1	1	1	1	1	1	-1	-1	1	1	-1	1	-1	-1	1	-1	1	-1	-1	-1	1	-1	
2f.jpg	-1	1	1	1	-1	1	-1	1	1	1	1	-1	-1	1	1	1	1	-1	1	1	-1	-1	1	-1	1	1	1	-1	
2m.jpg	1	1	1	1	-1	1	1	1	1	1	1	1	-1	1	1	1	-1	1	1	1	1	-1	1	-1	1	-1	1	-1	
30f.jpg	-1	1	-1	-1	1	1	1	1	1	1	1	1	1	1	1	1	-1	1	1	1	1	-1	1	-1	1	1	-1	-1	
30m.jpg	1	1	1	1	-1	1	-1	1	1	1	1	-1	1	-1	1	1	1	1	-1	1	1	-1	1	-1	1	-1	1	1	
31f.jpg	-1	-1	1	-1	1	1	1	1	-1	1	1	-1	1	1	-1	1	1	1	-1	1	1	1	1	1	1	1	-1	-1	
31m.jpg	1	1	1	1	-1	1	1	1	1	1	1	-1	1	1	1	1	-1	1	-1	1	1	-1	1	-1	1	1	1	1	
32f.jpg	-1	1	1	1	-1	1	-1	-1	1	1	1	-1	-1	1	-1	1	1	1	1	1	-1	1	1	-1	1	1	1	1	
32m.jpg	-1	1	-1	1	-1	1	-1	1	1	1	1	1	1	1	1	1	-1	1	1	1	1	-1	1	-1	1	1	1	-1	
33f.jpg	-1	1	1	1	1	1	1	1	1	1	-1	-1	-1	1	-1	1	1	1	1	1	1	1	1	-1	1	1	-1	1	
33m.jpg	1	1	1	1	1	1	1	1	1	1	1	1	1	-1	1	1	-1	1	-1	1	1	-1	1	-1	1	-1	1	1	
34f.jpg	-1	-1	1	-1	1	1	1	1	-1	1	-1	-1	-1	1	-1	1	1	1	-1	1	-1	1	1	1	1	1	-1	-1	
34m.jpg	1	-1	-1	1	-1	1	-1	1	-1	-1	1	-1	-1	-1	1	1	1	1	-1	1	-1	-1	1	-1	1	-1	1	1	
35f.jpg	-1	-1	1	-1	1	1	1	1	1	1	1	-1	1	1	-1	1	1	1	-1	1	-1	1	1	1	1	1	1	-1	
35m.jpg	1	1	-1	1	-1	1	1	1	1	1	1	1	1	-1	1	1	-1	1	-1	1	1	-1	1	-1	-1	-1	1	-1	
36f.jpg	-1	1	1	1	-1	1	1	1	1	1	1	-1	1	1	1	1	1	1	-1	1	1	1	1	-1	1	1	1	1	
36m.jpg	1	1	-1	1	-1	1	-1	-1	1	1	1	1	1	-1	1	1	1	1	1	1	1	-1	1	-1	1	-1	1	-1	
37f.jpg	-1	-1	1	-1	1	1	-1	1	-1	1	1	-1	1	1	1	1	1	1	-1	1	1	1	-1	1	1	1	-1	-1	
37m.jpg	1	1	-1	1	-1	1	-1	-1	1	1	1	1	1	-1	1	1	-1	1	1	1	1	-1	1	-1	-1	1	1	-1	
38f.jpg	-1	-1	1	-1	1	1	1	-1	1	1	1	-1	1	1	-1	1	1	1	1	1	1	-1	-1	1	1	1	1	-1	
38m.jpg	1	1	1	-1	-1	-1	-1	1	1	1	-1	1	-1	1	1	1	-1	-1	-1	1	1	1	-1	-1	1	-1	-1	1	
39f.jpg	-1	-1	1	-1	1	1	1	-1	-1	1	-1	1	1	1	1	1	-1	1	1	1	1	-1	1	1	1	1	-1	1	
39m.jpg	1	1	-1	-1	-1	1	-1	-1	1	1	1	1	1	1	1	1	1	1	1	1	1	-1	1	-1	1	-1	1	-1	
3f.jpg	-1	-1	1	-1	1	1	1	-1	1	1	1	-1	1	1	1	1	1	1	1	1	-1	1	1	-1	1	1	-1	-1	
3m.jpg	1	1	-1	1	-1	1	1	1	1	1	1	1	1	1	1	1	-1	1	1	1	1	-1	1	-1	1	1	1	-1	
40f.jpg	-1	1	1	1	-1	1	1	1	1	1	1	-1	-1	1	1	1	1	1	1	1	-1	-1	1	-1	1	1	1	1	
40m.jpg	1	1	-1	1	-1	1	-1	-1	-1	1	-1	-1	-1	-1	-1	1	1	1	1	-1	-1	-1	1	-1	1	-1	-1	-1	
41f.jpg	-1	-1	1	-1	-1	1	1	1	1	1	1	-1	-1	1	1	1	1	1	-1	1	-1	1	-1	1	1	1	-1	-1	
41m.jpg	1	1	1	1	-1	1	-1	1	1	1	1	-1	1	1	1	1	-1	1	1	1	1	-1	-1	1	1	1	1	-1	
42f.jpg	1	1	1	-1	1	1	1	-1	-1	1	1	-1	1	1	1	1	1	1	-1	1	1	1	1	-1	1	1	1	1	
42m.jpg	1	1	1	-1	1	1	-1	1	1	1	1	-1	1	-1	1	1	1	1	1	1	-1	-1	1	-1	1	-1	1	-1	
43f.jpg	-1	-1	1	-1	1	1	1	1	-1	1	1	1	1	1	1	1	1	1	1	1	-1	-1	-1	1	1	1	-1	1	
43m.jpg	1	1	-1	-1	1	1	1	-1	1	1	1	-1	1	-1	1	1	1	1	1	1	1	-1	1	-1	1	-1	1	-1	
44f.jpg	-1	1	-1	1	-1	1	1	-1	1	1	1	-1	1	-1	1	1	1	1	1	1	-1	1	1	-1	1	-1	-1	-1	
44m.jpg	1	1	-1	1	-1	1	-1	1	-1	-1	1	-1	-1	1	1	1	1	1	-1	1	1	-1	1	-1	-1	-1	1	1	
45f.jpg	1	1	-1	1	-1	1	1	1	1	1	1	-1	1	-1	1	1	1	1	1	1	-1	-1	1	-1	1	-1	1	-1	
45m.jpg	1	1	-1	1	-1	1	-1	1	1	1	1	-1	1	-1	1	1	-1	1	1	1	1	-1	1	-1	1	-1	1	-1	
46f.jpg	-1	-1	1	1	-1	1	1	1	-1	-1	-1	-1	-1	1	-1	1	1	1	1	1	-1	-1	1	-1	1	1	-1	1	
46m.jpg	1	1	1	1	-1	1	-1	1	1	1	1	1	-1	1	1	1	-1	-1	1	1	1	1	-1	-1	1	1	1	1	
47f.jpg	-1	1	1	1	-1	1	1	1	-1	1	1	-1	1	1	-1	1	1	1	1	1	-1	1	1	1	-1	1	1	1	
47m.jpg	1	1	1	1	-1	1	-1	1	1	1	1	-1	1	1	1	1	1	1	1	1	1	-1	1	-1	1	1	1	-1	
48f.jpg	-1	-1	-1	-1	1	1	1	-1	1	1	1	-1	-1	1	-1	1	1	1	1	1	-1	1	-1	1	1	1	-1	1	
48m.jpg	1	1	-1	-1	-1	1	-1	-1	1	1	1	-1	1	-1	-1	1	1	1	1	1	1	-1	1	-1	1	-1	1	-1	
49f.jpg	-1	-1	1	-1	1	1	1	-1	1	1	-1	-1	-1	1	-1	1	1	1	-1	1	1	-1	-1	1	-1	1	1	-1	
49m.jpg	1	1	-1	1	-1	1	-1	1	1	1	1	-1	1	-1	1	1	-1	1	1	1	1	1	1	-1	1	-1	1	-1	
4f.jpg	-1	1	1	1	-1	1	1	-1	1	1	1	-1	-1	1	1	1	1	1	-1	-1	1	-1	1	-1	-1	1	1	-1	
4m.jpg	-1	1	-1	-1	1	1	-1	-1	1	1	1	1	1	1	-1	1	1	1	1	1	1	-1	1	-1	1	1	1	-1	
50f.jpg	-1	-1	1	-1	1	1	1	-1	-1	-1	1	-1	1	1	1	1	1	1	1	-1	-1	-1	1	-1	1	1	1	1	
50m.jpg	-1	1	-1	1	1	1	1	-1	1	1	1	1	1	1	1	1	1	1	1	1	1	-1	1	-1	1	1	1	-1	
51f.jpg	-1	1	1	1	-1	1	-1	1	1	1	-1	-1	1	1	1	1	1	1	-1	1	1	-1	1	-1	1	1	-1	-1	
51m.jpg	1	1	-1	-1	-1	1	-1	-1	1	1	1	-1	1	1	-1	1	-1	1	-1	-1	1	-1	-1	-1	1	-1	-1	-1	
52f.jpg	-1	-1	1	-1	1	1	1	-1	-1	1	1	-1	-1	1	1	1	1	1	1	1	-1	1	1	1	1	1	1	-1	
52m.jpg	1	1	-1	1	-1	1	-1	1	1	1	1	1	1	1	1	1	-1	1	1	1	1	1	-1	-1	1	1	-1	-1	
53f.jpg	-1	-1	1	-1	1	1	1	1	1	1	-1	-1	-1	1	1	1	1	1	-1	1	1	1	1	-1	1	1	-1	1	
53m.jpg	-1	1	-1	1	-1	1	-1	1	1	1	1	-1	1	1	1	1	1	1	1	1	-1	-1	1	-1	1	1	1	-1	
54f.jpg	-1	1	1	-1	1	1	-1	-1	1	1	1	-1	1	1	1	1	1	1	1	1	1	-1	1	-1	1	1	-1	-1	
54m.jpg	1	-1	1	1	-1	1	1	1	1	1	1	-1	1	-1	1	1	1	1	-1	1	1	-1	1	-1	1	-1	1	-1	
55f.jpg	1	1	1	1	-1	1	1	1	1	1	1	-1	1	1	1	1	1	1	-1	1	-1	-1	1	-1	1	1	1	-1	
55m.jpg	1	-1	1	1	-1	1	1	1	1	1	-1	-1	-1	1	-1	1	-1	1	-1	1	1	-1	1	-1	-1	-1	-1	1	
56f.jpg	1	1	1	1	-1	1	-1	1	1	1	1	-1	1	1	1	1	-1	1	-1	1	1	1	1	-1	1	-1	1	1	
56m.jpg	1	1	-1	1	-1	1	-1	1	1	1	1	1	1	-1	1	1	-1	1	1	-1	1	-1	1	-1	1	-1	1	1	
57f.jpg	-1	-1	1	-1	1	-1	1	1	-1	-1	1	-1	1	1	-1	1	1	1	-1	1	-1	1	1	-1	-1	1	-1	-1	
57m.jpg	1	1	-1	-1	-1	1	-1	1	1	1	1	1	1	-1	1	1	1	1	1	1	1	-1	1	-1	1	-1	1	-1	
58f.jpg	-1	1	1	1	-1	1	1	1	1	1	1	1	1	1	1	1	-1	1	1	1	1	1	-1	1	1	1	1	-1	
58m.jpg	-1	-1	-1	1	1	1	1	1	1	1	1	-1	1	1	-1	1	1	1	-1	1	-1	1	1	-1	-1	1	-1	1	
59f.jpg	1	1	-1	1	-1	1	1	1	1	1	1	-1	1	1	1	1	1	1	1	1	-1	1	1	-1	1	1	1	-1	
59m.jpg	1	1	1	1	-1	1	1	1	1	1	1	-1	1	1	1	1	-1	1	1	1	1	-1	1	-1	1	-1	1	-1	
5f.jpg	-1	1	1	1	-1	1	-1	1	1	1	1	1	-1	1	1	1	-1	-1	1	1	1	-1	1	-1	1	1	-1	1	
5m.jpg	1	1	-1	1	-1	1	-1	-1	1	1	1	-1	1	-1	1	1	1	1	1	-1	1	-1	1	-1	1	-1	1	-1	
60f.jpg	-1	1	1	1	-1	-1	-1	-1	1	1	1	-1	1	1	1	1	1	1	-1	-1	-1	-1	1	-1	1	1	-1	1	
60m.jpg	1	1	-1	-1	1	1	1	-1	1	1	1	-1	1	-1	1	1	-1	1	1	1	1	1	1	-1	-1	-1	1	-1	
61f.jpg	-1	1	1	-1	1	1	-1	1	1	1	1	1	1	1	1	1	1	1	1	1	1	-1	1	-1	1	1	1	-1	
61m.jpg	1	1	-1	-1	1	1	-1	-1	1	1	1	-1	1	-1	1	1	1	1	1	1	1	-1	1	-1	1	-1	1	-1	
62f.jpg	-1	-1	1	1	-1	1	1	1	-1	1	-1	-1	-1	1	-1	1	1	1	1	1	-1	-1	-1	1	1	1	-1	1	
62m.jpg	1	1	-1	1	1	1	1	-1	1	1	1	1	1	-1	1	1	-1	1	1	1	1	-1	1	-1	1	-1	1	-1	
63f.jpg	-1	1	-1	-1	1	1	1	-1	1	1	-1	-1	1	1	-1	1	1	1	1	1	1	-1	-1	1	1	1	-1	-1	
63m.jpg	1	1	1	1	-1	1	1	1	1	1	-1	-1	1	1	1	1	-1	1	-1	1	1	-1	-1	-1	1	-1	1	1	
64f.jpg	-1	-1	1	-1	1	1	1	1	1	1	1	-1	1	1	-1	1	1	1	-1	1	1	1	1	-1	1	1	-1	-1	
64m.jpg	1	1	-1	1	-1	1	1	1	1	1	1	-1	1	1	1	1	-1	1	1	1	1	-1	1	-1	1	-1	1	-1	
65f.jpg	-1	-1	1	-1	1	1	-1	1	1	1	-1	-1	1	1	-1	1	1	1	-1	1	-1	1	1	-1	-1	1	1	1	
65m.jpg	1	1	-1	1	-1	1	1	1	1	1	1	-1	-1	-1	-1	1	1	1	1	-1	-1	-1	-1	-1	1	-1	1	1	
66f.jpg	-1	-1	1	-1	1	1	1	1	-1	1	-1	-1	-1	1	1	1	-1	1	-1	1	1	1	-1	1	1	1	1	-1	
66m.jpg	-1	1	-1	1	-1	1	1	-1	1	1	1	1	1	1	1	1	1	1	1	1	1	-1	1	-1	1	1	1	-1	
67f.jpg	-1	1	1	1	-1	1	-1	1	-1	-1	1	-1	-1	1	-1	1	1	1	1	-1	1	-1	1	-1	1	1	1	1	
67m.jpg	-1	1	1	1	-1	1	-1	1	1	1	1	-1	1	1	1	1	1	-1	1	1	-1	1	1	-1	1	1	-1	-1	
68f.jpg	-1	1	1	1	-1	1	-1	1	1	1	-1	-1	-1	1	1	1	1	1	-1	1	-1	1	-1	1	-1	1	1	1	
68m.jpg	1	1	1	1	-1	1	-1	1	1	1	-1	1	1	1	1	1	-1	-1	1	1	1	-1	1	-1	-1	-1	1	1	
69f.jpg	-1	-1	-1	1	-1	1	1	1	1	-1	1	-1	1	1	1	1	1	1	1	1	-1	-1	1	-1	1	1	-1	1	
69m.jpg	1	1	-1	-1	-1	1	1	-1	1	1	1	-1	1	-1	1	1	1	1	1	1	-1	-1	1	-1	1	-1	1	-1	
6f.jpg	-1	1	1	1	-1	1	-1	1	1	1	1	-1	1	1	1	1	1	1	1	1	1	1	1	-1	1	1	1	-1	
6m.jpg	-1	1	-1	1	-1	1	-1	1	1	1	1	-1	1	1	1	1	1	1	1	-1	-1	-1	1	-1	1	-1	1	1	
70f.jpg	-1	-1	1	-1	-1	1	1	-1	1	-1	1	-1	-1	1	1	1	1	1	-1	1	1	-1	-1	-1	1	1	-1	-1	
70m.jpg	-1	-1	-1	1	-1	1	-1	1	-1	-1	1	-1	1	1	1	1	1	1	-1	-1	1	-1	1	-1	-1	1	-1	1	
71f.jpg	-1	1	1	-1	1	1	1	-1	-1	1	1	-1	1	1	1	1	1	1	-1	1	1	1	1	1	1	1	1	1	
71m.jpg	1	1	-1	1	-1	1	1	1	1	1	1	1	1	1	1	1	-1	-1	1	1	1	1	1	-1	1	-1	-1	-1	
72f.jpg	-1	1	1	1	-1	1	1	1	1	1	1	-1	-1	1	1	1	1	1	-1	1	1	1	-1	1	1	1	1	-1	
72m.jpg	-1	1	-1	1	-1	1	1	1	1	1	1	-1	1	1	1	1	1	1	1	1	1	1	1	-1	1	1	1	-1	
73f.jpg	-1	-1	1	-1	-1	1	1	-1	-1	1	1	1	-1	1	-1	1	1	1	-1	1	1	1	-1	1	-1	1	-1	1	
73m.jpg	1	1	1	-1	1	1	-1	1	1	1	1	-1	1	1	1	1	1	1	1	1	1	-1	1	-1	-1	1	1	-1	
74f.jpg	-1	-1	1	-1	1	1	1	1	-1	-1	-1	-1	1	1	-1	1	1	1	-1	-1	-1	-1	1	-1	-1	1	-1	1	
74m.jpg	-1	1	1	-1	1	1	1	1	1	1	1	-1	1	1	1	1	1	1	1	1	1	1	1	-1	-1	1	1	-1	
75f.jpg	-1	-1	1	-1	-1	1	1	1	-1	1	1	-1	-1	1	1	1	1	1	-1	1	-1	-1	1	-1	1	1	-1	1	
75m.jpg	1	1	1	1	-1	1	-1	1	-1	-1	-1	-1	-1	1	1	1	1	1	-1	1	-1	-1	1	-1	-1	1	-1	1	
76f.jpg	-1	-1	1	-1	-1	1	1	-1	1	1	-1	1	-1	1	1	1	-1	1	1	-1	1	-1	-1	1	1	1	1	1	
76m.jpg	1	1	-1	1	-1	1	1	-1	1	1	1	-1	1	-1	1	1	-1	1	1	1	1	-1	1	-1	1	-1	1	-1	
77f.jpg	-1	-1	1	1	-1	1	1	1	-1	1	1	-1	-1	1	-1	1	1	1	-1	1	1	1	1	-1	-1	1	1	1	
77m.jpg	1	1	1	1	-1	1	1	1	1	1	1	1	1	1	1	1	-1	1	-1	1	1	1	1	1	1	1	1	-1	
78f.jpg	-1	-1	1	1	-1	1	1	1	1	1	1	-1	-1	1	1	1	1	1	1	1	-1	1	-1	1	1	1	1	1	
78m.jpg	1	1	1	1	1	1	-1	-1	1	1	1	1	1	1	1	1	-1	1	1	1	1	-1	1	-1	-1	1	1	-1	
79f.jpg	-1	-1	1	1	1	1	1	-1	1	1	-1	1	-1	1	-1	1	1	-1	1	1	-1	1	1	1	1	1	-1	1	
79m.jpg	1	-1	-1	1	1	1	-1	1	1	1	1	-1	1	-1	-1	1	1	-1	1	-1	-1	-1	1	-1	-1	-1	-1	1	
7f.jpg	-1	-1	1	-1	1	1	-1	1	-1	-1	1	-1	1	1	-1	1	1	-1	-1	-1	-1	-1	-1	1	-1	1	-1	1	
7m.jpg	1	1	-1	1	-1	1	-1	1	-1	-1	1	-1	1	-1	1	1	-1	1	1	-1	1	-1	1	-1	1	-1	1	1	
80f.jpg	-1	-1	1	1	-1	1	1	1	-1	1	1	-1	-1	1	-1	1	1	1	-1	1	-1	1	1	-1	1	1	-1	1	
80m.jpg	1	1	-1	1	-1	1	1	1	1	1	1	-1	1	1	1	1	-1	1	1	1	1	-1	-1	1	-1	-1	1	-1	
81f.jpg	-1	-1	-1	1	-1	1	1	1	1	1	1	-1	-1	1	-1	1	1	1	-1	1	-1	-1	1	-1	1	1	1	1	
81m.jpg	1	1	-1	1	-1	1	1	-1	1	1	1	-1	1	-1	1	1	1	1	-1	1	-1	-1	1	-1	1	-1	1	-1	
82f.jpg	1	1	-1	1	-1	1	-1	-1	1	1	1	-1	-1	-1	1	1	-1	1	1	1	1	-1	1	1	-1	-1	1	-1	
82m.jpg	1	1	1	-1	1	1	-1	-1	1	1	1	-1	1	-1	1	1	1	1	1	-1	1	-1	1	-1	1	-1	1	-1	
83f.jpg	-1	-1	-1	-1	1	1	1	-1	1	1	1	-1	1	1	-1	1	1	1	1	1	-1	-1	1	-1	-1	1	1	1	
83m.jpg	1	1	1	1	1	1	1	1	-1	1	1	1	1	1	1	1	1	1	-1	1	1	-1	1	-1	1	1	1	1	
84f.jpg	-1	1	1	1	-1	1	-1	1	1	1	-1	-1	1	1	1	1	1	1	1	1	-1	1	1	-1	1	1	1	-1	
84m.jpg	-1	1	-1	1	-1	-1	-1	1	-1	-1	1	-1	1	-1	-1	1	1	1	1	-1	-1	-1	1	-1	1	-1	1	-1	
85f.jpg	-1	-1	1	-1	1	1	1	-1	-1	1	1	-1	-1	1	1	1	1	1	-1	1	1	-1	-1	1	1	1	-1	1	
85m.jpg	-1	1	-1	1	1	1	-1	-1	-1	-1	-1	-1	-1	1	-1	1	1	-1	1	1	-1	1	1	-1	1	1	-1	1	
86f.jpg	-1	-1	1	1	-1	1	1	1	1	1	1	-1	-1	1	1	1	1	1	1	1	-1	-1	1	-1	1	1	-1	-1	
86m.jpg	1	1	1	1	-1	-1	-1	1	1	1	1	1	1	1	1	1	-1	-1	-1	1	1	-1	-1	-1	1	-1	-1	1	
87f.jpg	-1	-1	1	1	1	1	1	1	1	1	1	-1	1	1	-1	1	1	1	-1	1	-1	1	1	-1	1	1	-1	-1	
87m.jpg	1	1	-1	1	1	1	1	-1	1	1	1	-1	1	-1	-1	1	1	1	1	-1	-1	-1	1	-1	1	-1	1	1	
88f.jpg	-1	1	1	-1	1	1	1	1	-1	-1	-1	-1	1	1	1	1	1	1	1	1	1	-1	1	1	-1	1	1	-1	
88m.jpg	1	1	1	1	-1	1	-1	1	1	1	1	-1	-1	1	1	1	-1	-1	1	1	1	1	1	-1	1	-1	1	1	
89f.jpg	-1	-1	-1	1	-1	1	1	1	1	1	-1	-1	-1	1	-1	1	1	-1	-1	1	1	-1	-1	-1	1	1	-1	1	
89m.jpg	1	1	1	1	-1	1	1	1	1	-1	1	-1	-1	-1	1	1	1	1	-1	-1	-1	-1	1	-1	1	-1	-1	1	
8f.jpg	-1	-1	1	-1	1	1	1	1	-1	1	-1	-1	1	1	-1	1	1	1	-1	1	-1	-1	-1	1	1	1	-1	1	
8m.jpg	1	1	-1	1	-1	1	-1	1	1	1	1	-1	1	-1	1	1	-1	1	1	-1	1	-1	1	-1	1	-1	1	-1	
90f.jpg	-1	-1	1	-1	1	1	1	1	-1	-1	-1	-1	1	1	1	1	1	1	-1	1	1	-1	1	-1	1	1	-1	-1	
90m.jpg	1	1	-1	1	-1	1	1	-1	1	1	1	1	1	-1	1	1	-1	1	1	1	1	-1	1	-1	1	-1	1	-1	
91f.jpg	-1	1	1	1	-1	1	-1	-1	1	1	-1	-1	-1	1	1	1	1	1	1	1	-1	1	1	-1	1	1	-1	1	
91m.jpg	-1	1	-1	1	-1	1	-1	1	1	1	1	-1	1	1	1	1	1	1	1	1	-1	-1	1	-1	1	1	-1	1	
92f.jpg	-1	1	-1	1	-1	1	1	1	1	1	1	-1	1	1	1	1	1	1	1	1	-1	1	1	1	1	1	1	-1	
92m.jpg	1	1	-1	1	-1	1	1	1	1	1	1	-1	-1	-1	-1	1	1	1	1	1	-1	-1	1	-1	-1	-1	1	1	
93f.jpg	-1	-1	1	-1	1	1	1	1	-1	-1	-1	-1	1	1	-1	1	1	1	1	1	1	1	-1	1	1	1	-1	1	
93m.jpg	-1	1	-1	1	-1	1	1	1	1	1	1	-1	1	1	1	1	1	-1	1	1	1	1	1	-1	1	-1	1	-1	
94f.jpg	-1	-1	-1	-1	1	1	1	1	1	1	-1	1	1	1	1	1	-1	1	1	1	1	-1	-1	1	1	1	1	-1	
94m.jpg	1	-1	-1	1	1	1	-1	-1	-1	-1	-1	-1	-1	-1	-1	1	1	1	-1	-1	-1	-1	1	-1	1	-1	-1	1	
95f.jpg	-1	1	1	1	-1	1	1	1	1	1	1	-1	-1	1	-1	1	1	1	1	1	1	1	1	-1	1	1	1	1	
95m.jpg	1	1	1	1	-1	1	1	1	-1	-1	1	1	1	1	1	1	-1	1	1	1	1	-1	1	-1	1	1	1	-1	
96f.jpg	-1	-1	1	-1	1	1	1	-1	-1	-1	1	-1	1	1	1	1	1	1	-1	1	1	-1	1	1	1	1	-1	-1	
96m.jpg	1	1	1	1	-1	1	1	1	1	1	1	-1	1	-1	1	1	-1	1	-1	1	1	-1	1	-1	1	-1	1	1	
97f.jpg	-1	1	1	-1	1	1	1	-1	1	1	-1	-1	1	1	1	1	-1	1	1	-1	1	-1	1	-1	-1	1	1	-1	
97m.jpg	1	1	-1	-1	-1	1	1	1	1	1	1	1	1	1	1	1	-1	1	1	1	1	-1	1	-1	1	-1	1	-1	
98f.jpg	-1	1	1	1	-1	1	-1	1	1	1	1	-1	-1	1	1	1	1	1	1	1	-1	1	1	1	1	1	1	-1	
98m.jpg	1	1	1	1	-1	-1	-1	1	1	1	1	-1	1	1	1	1	-1	-1	1	1	-1	-1	1	-1	1	1	1	-1	
99f.jpg	-1	1	1	1	-1	1	1	1	1	1	-1	-1	-1	1	-1	1	1	1	-1	1	1	1	1	-1	1	1	-1	1	
99m.jpg	1	1	1	1	-1	1	1	1	-1	-1	1	1	-1	1	1	1	1	1	1	1	1	-1	1	-1	1	1	1	1	
9f.jpg	-1	-1	-1	1	-1	1	-1	1	1	1	1	-1	-1	1	-1	1	1	1	1	-1	-1	-1	1	-1	1	1	-1	1	
9m.jpg	1	-1	-1	1	-1	1	1	-1	1	1	1	-1	1	-1	1	1	1	1	1	1	1	-1	1	1	1	-1	1	-1	
